 02 02 02 02 02 02 02 02 02 02 02 02 02 02 
 02 00 00 00 02 30 02 00 00 00 02 06 06 02 
 02 00 02 00 02 11 02 00 02 00 02 06 06 02 
 02 00 02 00 02 06 02 06 02 00 02 00 00 02 
 02 04 02 00 02 03 02 00 02 00 02 04 02 02 
 02 00 02 00 00 00 00 00 02 00 00 00 00 02 
 02 11 02 02 12 02 02 02 02 02 02 02 03 02 
 02 12 03 03 00 00 00 00 00 00 00 00 00 02 
 02 13 02 02 02 02 02 02 02 02 11 02 02 02 
 02 00 02 00 00 06 00 00 06 00 00 03 14 02 
 02 30 02 00 02 02 02 03 02 02 00 02 30 02 
 02 00 02 00 02 00 00 00 00 02 00 02 02 02 
 02 35 02 30 02 00 01 00 06 02 00 03 80 02 
 02 02 02 02 02 02 02 02 02 02 02 02 02 02 

 02 02 02 02 02 02 02 02 02 02 02 02 02 02 
 02 30 03 00 02 00 02 30 32 30 02 06 00 02 
 02 00 02 00 02 00 02 00 02 15 02 00 00 02 
 02 12 02 00 02 00 02 13 02 14 02 00 00 02 
 02 00 02 00 02 00 02 00 02 13 02 11 00 02 
 02 11 02 00 02 00 02 00 02 00 02 00 12 02 
 02 00 02 03 02 03 02 04 02 03 02 03 02 02 
 02 00 00 00 00 00 00 00 13 00 00 00 00 02 
 02 03 02 02 02 04 02 03 02 03 02 03 02 02 
 02 11 02 80 02 00 02 00 02 00 02 00 06 02 
 02 00 02 00 02 00 02 00 02 00 02 00 00 02 
 02 00 02 12 02 00 02 00 02 00 02 00 02 02 
 02 00 00 00 02 00 02 06 09 06 02 01 90 02 
 02 02 02 02 02 02 02 02 02 02 02 02 02 02  
 02 02 02 02 02 02 02 02 02 02 02 02 02 02

 02 31 09 09 00 50 51 52 02 00 07 00 00 02 
 02 02 02 02 00 00 03 02 02 02 02 02 00 02 
 02 00 03 13 02 00 02 02 12 02 12 02 12 02 
 02 00 02 02 02 00 00 02 00 00 00 00 09 02 
 02 13 00 00 00 02 00 02 00 02 02 02 02 02 
 02 00 02 02 16 02 00 00 00 00 03 13 30 02 
 02 00 02 33 09 02 00 02 00 02 02 02 02 02 
 02 00 02 02 02 02 00 00 00 00 03 06 06 02 
 02 00 02 90 02 02 00 00 02 02 02 02 02 02 
 02 00 02 01 02 02 02 00 00 00 03 13 30 02 
 02 00 00 11 00 00 12 00 02 02 02 02 02 02 
 02 00 02 06 02 00 02 00 00 00 03 12 80 02 
 02 02 02 02 02 02 02 02 02 02 02 02 02 02 
 
 02 02 02 02 02 02 02 02 02 02 02 02 02 02 
 02 00 00 00 00 00 00 00 00 00 00 00 00 02 
 02 00 00 00 00 00 00 16 00 00 00 00 00 02 
 02 00 00 00 00 00 00 00 00 00 00 00 00 02 
 02 00 00 17 00 00 00 16 00 00 00 00 00 02 
 02 00 00 00 00 00 00 00 00 00 00 00 00 02 
 02 00 00 00 00 00 00 00 00 00 00 00 00 02 
 02 00 00 00 00 00 00 16 00 00 00 00 00 02 
 02 00 00 00 00 00 00 00 00 00 00 00 00 02 
 02 00 00 84 00 00 00 00 00 00 00 00 00 02 
 02 00 00 00 00 00 00 16 00 00 00 00 00 02 
 02 00 00 00 00 00 00 00 00 00 17 00 02 02 
 02 00 00 00 00 00 00 00 00 00 00 01 90 02 
 02 02 02 02 02 02 02 02 02 02 02 02 02 02 