150
13
10
10000000
0
0
8
95
10
11
1
2
0
0
5
0
0
0
0
2 2 2 2 2 2 2 2 2 2 2 2 2 2 
2 0 0 0 2 30 2 0 0 0 2 6 6 2 
2 0 2 0 2 11 2 0 2 0 2 6 6 2 
2 0 2 0 2 6 2 6 2 0 2 0 0 2 
2 4 2 0 2 3 2 0 2 0 2 4 2 2 
2 0 2 0 0 0 0 0 2 0 0 0 0 2 
2 11 2 2 12 2 2 2 2 2 2 2 3 2 
2 12 3 3 0 0 0 0 0 0 0 0 0 2 
2 13 2 2 2 2 2 2 2 2 11 2 2 2 
2 0 2 0 0 0 0 0 0 0 1 3 14 2 
2 30 2 0 2 2 2 0 2 2 0 2 30 2 
2 0 2 0 2 0 0 0 0 2 0 2 2 2 
2 35 2 30 2 0 0 0 0 2 0 3 80 2 
2 2 2 2 2 2 2 2 2 2 2 2 2 2 
2 2 2 2 2 2 2 2 2 2 2 2 2 2 
2 30 3 0 2 0 2 30 32 30 2 6 0 2 
2 0 2 0 2 0 2 0 2 15 2 0 0 2 
2 12 2 0 2 0 2 13 2 14 2 0 0 2 
2 0 2 0 2 0 2 0 2 13 2 11 0 2 
2 11 2 0 2 0 2 0 2 0 2 0 12 2 
2 0 2 3 2 3 2 4 2 3 2 3 2 2 
2 0 0 0 0 0 0 0 13 0 0 0 0 2 
2 3 2 2 2 4 2 3 2 3 2 3 2 2 
2 11 2 80 2 0 2 0 2 0 2 0 6 2 
2 0 2 0 2 0 2 0 2 0 2 0 0 2 
2 0 2 12 2 0 2 0 2 0 2 0 2 2 
2 0 0 0 2 0 2 6 9 6 2 1 90 2 
2 2 2 2 2 2 2 2 2 2 2 2 2 2 
2 2 2 2 2 2 2 2 2 2 2 2 2 2 
2 31 9 9 0 50 51 52 2 0 7 0 0 2 
2 2 2 2 0 0 3 2 2 2 2 2 0 2 
2 0 3 13 2 0 2 2 12 2 12 2 12 2 
2 0 2 2 2 0 0 2 0 0 0 0 9 2 
2 13 0 0 0 2 0 2 0 2 2 2 2 2 
2 0 2 2 16 2 0 0 0 0 3 13 30 2 
2 0 2 33 9 2 0 2 0 2 2 2 2 2 
2 0 2 2 2 2 0 0 0 0 3 6 6 2 
2 0 2 90 2 2 0 0 2 2 2 2 2 2 
2 0 2 1 2 2 2 0 0 0 3 13 30 2 
2 0 0 11 0 0 12 0 2 2 2 2 2 2 
2 0 2 6 2 0 2 0 0 0 3 12 80 2 
2 2 2 2 2 2 2 2 2 2 2 2 2 2 
2 2 2 2 2 2 2 2 2 2 2 2 2 2 
2 0 0 0 0 0 0 0 0 0 0 0 0 2 
2 0 0 0 0 0 0 16 0 0 0 0 0 2 
2 0 0 0 0 0 0 0 0 0 0 0 0 2 
2 0 0 17 0 0 0 16 0 0 0 0 0 2 
2 0 0 0 0 0 0 0 0 0 0 0 0 2 
2 0 0 0 0 0 0 0 0 0 0 0 0 2 
2 0 0 0 0 0 0 16 0 0 0 0 0 2 
2 0 0 0 0 0 0 0 0 0 0 0 0 2 
2 0 0 84 0 0 0 0 0 0 0 0 0 2 
2 0 0 0 0 0 0 16 0 0 0 0 0 2 
2 0 0 0 0 0 0 0 0 0 17 0 2 2 
2 0 0 0 0 0 0 0 0 0 0 1 90 2 
2 2 2 2 2 2 2 2 2 2 2 2 2 2 
